2.117768137636246717e-01
5.670262278270284950e-01
8.116851858665583563e-01
7.586922272132698986e-01
9.801171634226883977e-01
9.780744644436519808e-01
9.098545196388105882e-01
2.171349001733214601e-01
4.179571265508357225e-01
3.787756682944943831e-01
2.772833741447925382e-01
-2.154382732711796755e-01
-3.723950172895203470e-01
-5.455891416828327900e-01
-6.608422113559618838e-01
-8.230860508893265148e-01
-9.899445900267713760e-01
-4.233842063306380021e-01
-6.597591994394250148e-02
-5.871090819835834973e-02
