1.910744296256088742e-02
1.249100651009749513e-01
3.695886857434074191e-01
4.901897117986555030e-01
6.673125318520533034e-01
7.486417874744182299e-01
4.553359925899812533e-01
5.781332433611363619e-01
8.154188822401504666e-01
8.795835149170819767e-01
8.331216575781874578e-01
9.216109132299989959e-01
8.604150518121457258e-01
8.144099347802968847e-01
1.013088705634006548e+00
8.331242139406133118e-01
9.950612866505430532e-01
1.062575459830635838e+00
9.658586150876228293e-01
8.615820699759556556e-01
9.175572337125282862e-01
1.051515999100694376e+00
9.521023075449374096e-01
9.506708621887558497e-01
9.726568746116268649e-01
8.406511989828097109e-01
7.319547812978903778e-01
1.059275310009905047e+00
8.465017355743370553e-01
9.354346334507263050e-01
9.076502213604871194e-01
8.411085809095266708e-01
8.637009453700053019e-01
7.848947416870605265e-01
8.535555214862633466e-01
7.843103685059436003e-01
5.727748425153980083e-01
7.165274009992042004e-01
6.331438692514755884e-01
7.021642033571378061e-01
5.330640994396916854e-01
5.001928577397263265e-01
5.737307322763387507e-01
4.558547897808620242e-01
3.563952672422145418e-01
4.207476148673817695e-01
1.855226798747453831e-01
1.002770779610063362e-02
6.093924531215130780e-02
-1.689989240444685348e-01
-2.005539601162661389e-01
-4.028757237098047339e-01
-3.144441856363391907e-01
-5.310623301815912134e-01
-4.745687620811550600e-01
-2.881084365195465402e-01
-3.909175818606956399e-01
-5.471762095081137423e-01
-6.195356466887830260e-01
-7.287888245512320617e-01
-6.775590227255369191e-01
-5.577160897230165615e-01
-6.863574932888550917e-01
-7.733855137696300508e-01
-6.777505756348823907e-01
-7.731559258762039644e-01
-6.190022232588626716e-01
-8.148966673532085370e-01
-7.865106238282276729e-01
-7.566062612675940047e-01
-1.002596181418648591e+00
-9.809061860265181343e-01
-8.261733543413004588e-01
-1.053818488770046802e+00
-7.810654978857527464e-01
-1.016322939789821689e+00
-9.202654992306859016e-01
-7.937166743404902025e-01
-9.740826843580165928e-01
-9.603914878130775934e-01
-9.645977825120978233e-01
-1.047290248241779631e+00
-9.596570959057686423e-01
-8.010466624216171505e-01
-1.079961080627807046e+00
-7.079137471217183952e-01
-9.842084102788357658e-01
-8.866662004121337315e-01
-6.854272758589520231e-01
-7.563031704962545065e-01
-7.140392364954416538e-01
-5.682629959009178888e-01
-4.081067827242415569e-01
-2.984762916382643905e-01
-5.119387660812998453e-01
-4.140823939705603474e-01
-1.628979556950670982e-01
-3.252363784861955764e-01
-1.607177174590193602e-01
4.078181658374446794e-02
