2.879775367060181113e-01 1.080449616651690592e+00
3.458074984384482686e-01 8.954495088011744652e-01
3.478422493421431394e-01 8.290188854453346412e-01
3.721680296769158680e-01 7.828674481359222392e-01
4.658696838007572172e-01 1.726923684457113695e-01
6.138546759845143752e-01 -6.529581754638121849e-01
6.172841234689629974e-01 -6.462466719960761052e-01
7.810386747873280244e-01 -9.107221177884100571e-01
8.447791310736048054e-01 -6.934345309134138935e-01
8.860939229936418693e-01 -5.929397045347837292e-01
