1.268318771588574367e-01
2.792365882246932718e-01
6.618629475767561221e-01
4.374990148020694858e-01
1.228693464719995632e+00
8.324012352906270396e-01
9.200539258989890445e-01
9.569413712177078368e-01
1.069920519414875315e+00
9.798602575728614372e-01
9.758573889987915972e-01
1.065593091502441636e+00
9.345333133856843499e-01
9.260150254739433207e-01
7.924655795293171767e-01
9.216261889374310901e-01
7.240397365600200752e-01
6.959091006677544655e-01
7.469255383489166178e-01
4.408321113570364269e-01
3.535273838291498882e-01
1.231258944014766432e-01
2.764011278331134358e-01
1.486923837511162916e-01
2.029052910765986595e-01
1.817964012250368744e-01
-6.265831415037306784e-02
-6.066130333492151250e-01
-6.925071242711842157e-01
-6.182247752377864058e-01
-7.854675252365854732e-01
-8.530907763236431629e-01
-9.248794066735407382e-01
-9.520205744051055685e-01
-1.015897025032796330e+00
-9.268360011052959591e-01
-9.963799378329053491e-01
-1.156309790368932333e+00
-7.464075810805542721e-01
-8.070487040301190795e-01
-9.531873130201115041e-01
-1.095281508350864019e+00
-8.245822990272742015e-01
-9.933439427446658643e-01
-6.256230709630733466e-01
-8.345276802963703666e-01
-5.711285427717492924e-01
-4.327070663569013709e-01
-3.194224464419963549e-01
-3.099992133392038274e-01
